1740,1,0.14
1740,2,0.14
1740,3,0.03
1740,4,0.07
1740,5,0.09
1740,6,0.01
1740,7,0.19
1740,8,0.08
1740,9,0.18
1740,10,0.08
1740,11,0.12
1740,12,0.03
1741,1,1.19
1741,2,1.16
1741,3,1.16
1741,4,1.13
1741,5,1.18
1741,6,1.12
1741,7,1.07
1741,8,1.13
1741,9,1.03
1741,10,1.05
1741,11,1.12
1741,12,1.01
1742,1,2.09
1742,2,2.09
1742,3,2.11
1742,4,2.16
1742,5,2.17
1742,6,2.16
1742,7,2.03
1742,8,2.05
1742,9,2.13
1742,10,2.19
1742,11,2.2
1742,12,2.17
1743,1,3.08
1743,2,3.16
1743,3,3.03
1743,4,3.08
1743,5,3.13
1743,6,3.03
1743,7,3.09
1743,8,3.12
1743,9,3.08
1743,10,3.18
1743,11,3.11
1743,12,3.04
1744,1,4.2
1744,2,4.09
1744,3,4.16
1744,4,4.17
1744,5,4.16
1744,6,4.17
1744,7,4.02
1744,8,4.06
1744,9,4.01
1744,10,4.14
1744,11,4.16
1744,12,4.12
1745,1,5.18
1745,2,5.2
1745,3,5.12
1745,4,5.07
1745,5,5.11
1745,6,5.01
1745,7,5.01
1745,8,5.11
1745,9,5.07
1745,10,5.0
1745,11,5.15
1745,12,5.18
1746,1,6.15
1746,2,6.15
1746,3,6.13
1746,4,6.06
1746,5,6.09
1746,6,6.19
1746,7,6.2
1746,8,6.14
1746,9,6.11
1746,10,6.18
1746,11,6.03
1746,12,6.08
1747,1,7.02
1747,2,7.1
1747,3,7.04
1747,4,7.19
1747,5,7.1
1747,6,7.01
1747,7,7.19
1747,8,7.01
1747,9,7.17
1747,10,7.04
1747,11,7.06
1747,12,7.07
1748,1,8.19
1748,2,8.05
1748,3,8.04
1748,4,8.07
1748,5,8.07
1748,6,8.16
1748,7,8.0
1748,8,8.04
1748,9,8.17
1748,10,8.11
1748,11,8.03
1748,12,8.12
1749,1,9.09
1749,2,9.16
1749,3,9.07
1749,4,9.01
1749,5,9.18
1749,6,9.17
1749,7,9.1
1749,8,9.08
1749,9,9.14
1749,10,9.05
1749,11,9.15
1749,12,9.04
1750,1,0.01
1750,2,0.08
1750,3,0.16
1750,4,0.07
1750,5,0.18
1750,6,0.02
1750,7,0.12
1750,8,0.08
1750,9,0.0
1750,10,0.18
1750,11,0.0
1750,12,0.02
1751,1,1.2
1751,2,1.0
1751,3,1.03
1751,4,1.04
1751,5,1.17
1751,6,1.06
1751,7,1.1
1751,8,1.1
1751,9,1.11
1751,10,1.02
1751,11,1.14
1751,12,1.02
1752,1,2.14
1752,2,2.03
1752,3,2.09
1752,4,2.12
1752,5,2.19
1752,6,2.09
1752,7,2.14
1752,8,2.16
1752,9,2.08
1752,10,2.18
1752,11,2.09
1752,12,2.1
1753,1,3.16
1753,2,3.08
1753,3,3.06
1753,4,3.1
1753,5,3.12
1753,6,3.16
1753,7,3.06
1753,8,3.09
1753,9,3.14
1753,10,3.15
1753,11,3.15
1753,12,3.19
1754,1,4.13
1754,2,4.14
1754,3,4.04
1754,4,4.15
1754,5,4.17
1754,6,4.17
1754,7,4.02
1754,8,4.18
1754,9,4.12
1754,10,4.05
1754,11,4.09
1754,12,4.17
1755,1,5.12
1755,2,5.19
1755,3,5.05
1755,4,5.12
1755,5,5.14
1755,6,5.07
1755,7,5.15
1755,8,5.01
1755,9,5.19
1755,10,5.06
1755,11,5.15
1755,12,5.14
1756,1,6.03
1756,2,6.13
1756,3,6.12
1756,4,6.06
1756,5,6.03
1756,6,6.13
1756,7,6.15
1756,8,6.09
1756,9,6.15
1756,10,6.13
1756,11,6.02
1756,12,6.11
1757,1,7.16
1757,2,7.1
1757,3,7.07
1757,4,7.15
1757,5,7.07
1757,6,7.01
1757,7,7.05
1757,8,7.08
1757,9,7.08
1757,10,7.08
1757,11,7.19
1757,12,7.18
1758,1,8.04
1758,2,8.1
1758,3,8.11
1758,4,8.1
1758,5,8.15
1758,6,8.17
1758,7,8.06
1758,8,8.15
1758,9,8.1
1758,10,8.07
1758,11,8.09
1758,12,8.07
1759,1,9.17
1759,2,9.05
1759,3,9.11
1759,4,9.12
1759,5,9.08
1759,6,9.07
1759,7,9.07
1759,8,9.12
1759,9,9.01
1759,10,9.08
1759,11,9.03
1759,12,9.09
1760,1,0.02
1760,2,0.04
1760,3,0.02
1760,4,0.01
1760,5,0.02
1760,6,0.18
1760,7,0.05
1760,8,0.01
1760,9,0.05
1760,10,0.2
1760,11,0.09
1760,12,0.07
1761,1,1.16
1761,2,1.08
1761,3,1.14
1761,4,1.04
1761,5,1.01
1761,6,1.11
1761,7,1.02
1761,8,1.07
1761,9,1.12
1761,10,1.14
1761,11,1.17
1761,12,1.18
1762,1,2.16
1762,2,2.03
1762,3,2.04
1762,4,2.16
1762,5,2.13
1762,6,2.12
1762,7,2.17
1762,8,2.17
1762,9,2.04
1762,10,2.08
1762,11,2.19
1762,12,2.05
1763,1,3.0
1763,2,3.0
1763,3,3.11
1763,4,3.16
1763,5,3.1
1763,6,3.05
1763,7,3.09
1763,8,3.1
1763,9,3.01
1763,10,3.01
1763,11,3.06
1763,12,3.11
1764,1,4.19
1764,2,4.08
1764,3,4.15
1764,4,4.11
1764,5,4.19
1764,6,4.17
1764,7,4.11
1764,8,4.09
1764,9,4.05
1764,10,4.02
1764,11,4.07
1764,12,4.15
1765,1,5.12
1765,2,5.14
1765,3,5.14
1765,4,5.15
1765,5,5.16
1765,6,5.19
1765,7,5.04
1765,8,5.09
1765,9,5.15
1765,10,5.07
1765,11,5.19
1765,12,5.1
1766,1,6.1
1766,2,6.15
1766,3,6.07
1766,4,6.08
1766,5,6.18
1766,6,6.15
1766,7,6.17
1766,8,6.08
1766,9,6.2
1766,10,6.03
1766,11,6.03
1766,12,6.11
1767,1,7.14
1767,2,7.18
1767,3,7.05
1767,4,7.19
1767,5,7.1
1767,6,7.17
1767,7,7.08
1767,8,7.01
1767,9,7.07
1767,10,7.0
1767,11,7.13
1767,12,7.03
1768,1,8.08
1768,2,8.0
1768,3,8.18
1768,4,8.04
1768,5,8.17
1768,6,8.1
1768,7,8.05
1768,8,8.06
1768,9,8.19
1768,10,8.16
1768,11,8.03
1768,12,8.03
1769,1,9.08
1769,2,9.05
1769,3,9.08
1769,4,9.19
1769,5,9.13
1769,6,9.1
1769,7,9.04
1769,8,9.18
1769,9,9.14
1769,10,9.2
1769,11,9.11
1769,12,9.19
1770,1,0.12
1770,2,0.02
1770,3,0.1
1770,4,0.02
1770,5,0.15
1770,6,0.08
1770,7,0.17
1770,8,0.08
1770,9,0.11
1770,10,0.09
1770,11,0.08
1770,12,0.06
1771,1,1.05
1771,2,1.02
1771,3,1.19
1771,4,1.06
1771,5,1.19
1771,6,1.02
1771,7,1.01
1771,8,1.06
1771,9,1.12
1771,10,1.0
1771,11,1.18
1771,12,1.17
1772,1,2.16
1772,2,2.11
1772,3,2.04
1772,4,2.17
1772,5,2.18
1772,6,2.07
1772,7,2.03
1772,8,2.17
1772,9,2.2
1772,10,2.0
1772,11,2.09
1772,12,2.03
1773,1,3.05
1773,2,3.18
1773,3,3.14
1773,4,3.1
1773,5,3.15
1773,6,3.06
1773,7,3.14
1773,8,3.13
1773,9,3.19
1773,10,3.11
1773,11,3.05
1773,12,3.12
1774,1,4.11
1774,2,4.15
1774,3,4.06
1774,4,4.16
1774,5,4.05
1774,6,4.12
1774,7,4.06
1774,8,4.03
1774,9,4.2
1774,10,4.16
1774,11,4.16
1774,12,4.11
1775,1,5.12
1775,2,5.09
1775,3,5.16
1775,4,5.06
1775,5,5.04
1775,6,5.16
1775,7,5.16
1775,8,5.15
1775,9,5.04
1775,10,5.05
1775,11,5.06
1775,12,5.11
1776,1,6.14
1776,2,6.12
1776,3,6.16
1776,4,6.09
1776,5,6.03
1776,6,6.03
1776,7,6.05
1776,8,6.11
1776,9,6.07
1776,10,6.1
1776,11,6.14
1776,12,6.03
1777,1,7.1
1777,2,7.13
1777,3,7.15
1777,4,7.03
1777,5,7.16
1777,6,7.16
1777,7,7.04
1777,8,7.05
1777,9,7.0
1777,10,7.1
1777,11,7.01
1777,12,7.13
1778,1,8.12
1778,2,8.01
1778,3,8.12
1778,4,8.17
1778,5,8.0
1778,6,8.1
1778,7,8.19
1778,8,8.11
1778,9,8.09
1778,10,8.18
1778,11,8.12
1778,12,8.11
1779,1,9.03
1779,2,9.18
1779,3,9.18
1779,4,9.11
1779,5,9.17
1779,6,9.12
1779,7,9.07
1779,8,9.01
1779,9,9.08
1779,10,9.09
1779,11,9.06
1779,12,9.13
1780,1,0.05
1780,2,0.2
1780,3,0.07
1780,4,0.19
1780,5,0.15
1780,6,0.02
1780,7,0.15
1780,8,0.19
1780,9,0.13
1780,10,0.12
1780,11,0.08
1780,12,0.11
1781,1,1.08
1781,2,1.03
1781,3,1.03
1781,4,1.17
1781,5,1.01
1781,6,1.09
1781,7,1.11
1781,8,1.18
1781,9,1.09
1781,10,1.07
1781,11,1.04
1781,12,1.2
1782,1,2.13
1782,2,2.17
1782,3,2.03
1782,4,2.16
1782,5,2.13
1782,6,2.14
1782,7,2.13
1782,8,2.15
1782,9,2.03
1782,10,2.19
1782,11,2.15
1782,12,2.06
1783,1,3.11
1783,2,3.12
1783,3,3.16
1783,4,3.03
1783,5,3.13
1783,6,3.08
1783,7,3.01
1783,8,3.11
1783,9,3.03
1783,10,3.07
1783,11,3.07
1783,12,3.13
1784,1,4.17
1784,2,4.19
1784,3,4.15
1784,4,4.12
1784,5,4.11
1784,6,4.15
1784,7,4.17
1784,8,4.02
1784,9,4.09
1784,10,4.02
1784,11,4.18
1784,12,4.18
1785,1,5.07
1785,2,5.12
1785,3,5.02
1785,4,5.11
1785,5,5.17
1785,6,5.2
1785,7,5.17
1785,8,5.05
1785,9,5.0
1785,10,5.08
1785,11,5.03
1785,12,5.03
1786,1,6.09
1786,2,6.05
1786,3,6.01
1786,4,6.16
1786,5,6.11
1786,6,6.16
1786,7,6.08
1786,8,6.19
1786,9,6.08
1786,10,6.08
1786,11,6.15
1786,12,6.03
1787,1,7.08
1787,2,7.08
1787,3,7.03
1787,4,7.05
1787,5,7.02
1787,6,7.04
1787,7,7.11
1787,8,7.07
1787,9,7.17
1787,10,7.18
1787,11,7.14
1787,12,7.1
1788,1,8.02
1788,2,8.09
1788,3,8.05
1788,4,8.03
1788,5,8.15
1788,6,8.14
1788,7,8.17
1788,8,8.07
1788,9,8.0
1788,10,8.14
1788,11,8.2
1788,12,8.1
1789,1,9.19
1789,2,9.07
1789,3,9.04
1789,4,9.14
1789,5,9.2
1789,6,9.2
1789,7,9.12
1789,8,9.06
1789,9,9.19
1789,10,9.18
1789,11,9.05
1789,12,9.09
1790,1,0.07
1790,2,0.15
1790,3,0.02
1790,4,0.15
1790,5,0.1
1790,6,0.03
1790,7,0.18
1790,8,0.2
1790,9,0.17
1790,10,0.1
1790,11,0.06
1790,12,0.16
1791,1,1.17
1791,2,1.09
1791,3,1.11
1791,4,1.02
1791,5,1.16
1791,6,1.13
1791,7,1.09
1791,8,1.04
1791,9,1.18
1791,10,1.2
1791,11,1.05
1791,12,1.17
1792,1,2.05
1792,2,2.04
1792,3,2.16
1792,4,2.01
1792,5,2.18
1792,6,2.01
1792,7,2.19
1792,8,2.09
1792,9,2.12
1792,10,2.14
1792,11,2.12
1792,12,2.02
1793,1,3.03
1793,2,3.15
1793,3,3.16
1793,4,3.14
1793,5,3.03
1793,6,3.15
1793,7,3.15
1793,8,3.07
1793,9,3.05
1793,10,3.08
1793,11,3.11
1793,12,3.05
1794,1,4.02
1794,2,4.04
1794,3,4.14
1794,4,4.2
1794,5,4.13
1794,6,4.04
1794,7,4.11
1794,8,4.08
1794,9,4.14
1794,10,4.16
1794,11,4.07
1794,12,4.14
1795,1,5.04
1795,2,5.1
1795,3,5.06
1795,4,5.02
1795,5,5.19
1795,6,5.16
1795,7,5.14
1795,8,5.11
1795,9,5.03
1795,10,5.15
1795,11,5.08
1795,12,5.13
1796,1,6.11
1796,2,6.14
1796,3,6.17
1796,4,6.0
1796,5,6.04
1796,6,6.05
1796,7,6.1
1796,8,6.14
1796,9,6.15
1796,10,6.11
1796,11,6.18
1796,12,6.01
1797,1,7.09
1797,2,7.11
1797,3,7.17
1797,4,7.16
1797,5,7.15
1797,6,7.02
1797,7,7.02
1797,8,7.18
1797,9,7.16
1797,10,7.15
1797,11,7.19
1797,12,7.07
1798,1,8.17
1798,2,8.1
1798,3,8.01
1798,4,8.19
1798,5,8.2
1798,6,8.18
1798,7,8.09
1798,8,8.05
1798,9,8.02
1798,10,8.13
1798,11,8.12
1798,12,8.05
1799,1,9.1
1799,2,9.07
1799,3,9.19
1799,4,9.18
1799,5,9.16
1799,6,9.13
1799,7,9.11
1799,8,9.09
1799,9,9.16
1799,10,9.13
1799,11,9.13
1799,12,9.18
1800,1,0.02
1800,2,0.12
1800,3,0.02
1800,4,0.09
1800,5,0.19
1800,6,0.12
1800,7,0.07
1800,8,0.09
1800,9,0.03
1800,10,0.08
1800,11,0.15
1800,12,0.19
1801,1,1.14
1801,2,1.05
1801,3,1.15
1801,4,1.13
1801,5,1.1
1801,6,1.18
1801,7,1.09
1801,8,1.16
1801,9,1.15
1801,10,1.06
1801,11,1.04
1801,12,1.05
1802,1,2.01
1802,2,2.2
1802,3,2.04
1802,4,2.07
1802,5,2.08
1802,6,2.13
1802,7,2.06
1802,8,2.19
1802,9,2.06
1802,10,2.09
1802,11,2.03
1802,12,2.07
1803,1,3.05
1803,2,3.15
1803,3,3.08
1803,4,3.18
1803,5,3.15
1803,6,3.09
1803,7,3.02
1803,8,3.16
1803,9,3.16
1803,10,3.12
1803,11,3.16
1803,12,3.17
1804,1,4.16
1804,2,4.19
1804,3,4.11
1804,4,4.18
1804,5,4.06
1804,6,4.19
1804,7,4.04
1804,8,4.06
1804,9,4.04
1804,10,4.1
1804,11,4.18
1804,12,4.07
1805,1,5.15
1805,2,5.09
1805,3,5.19
1805,4,5.04
1805,5,5.11
1805,6,5.15
1805,7,5.17
1805,8,5.01
1805,9,5.09
1805,10,5.07
1805,11,5.18
1805,12,5.16
1806,1,6.02
1806,2,6.18
1806,3,6.13
1806,4,6.1
1806,5,6.13
1806,6,6.14
1806,7,6.02
1806,8,6.18
1806,9,6.02
1806,10,6.18
1806,11,6.16
1806,12,6.01
1807,1,7.19
1807,2,7.02
1807,3,7.17
1807,4,7.2
1807,5,7.01
1807,6,7.03
1807,7,7.07
1807,8,7.09
1807,9,7.01
1807,10,7.11
1807,11,7.07
1807,12,7.09
1808,1,8.06
1808,2,8.03
1808,3,8.11
1808,4,8.08
1808,5,8.1
1808,6,8.2
1808,7,8.14
1808,8,8.01
1808,9,8.15
1808,10,8.14
1808,11,8.17
1808,12,8.05
1809,1,9.1
1809,2,9.01
1809,3,9.09
1809,4,9.17
1809,5,9.09
1809,6,9.01
1809,7,9.06
1809,8,9.15
1809,9,9.06
1809,10,9.04
1809,11,9.08
1809,12,9.09
1810,1,0.1
1810,2,0.13
1810,3,0.11
1810,4,0.07
1810,5,0.08
1810,6,0.18
1810,7,0.12
1810,8,0.04
1810,9,0.11
1810,10,0.19
1810,11,0.14
1810,12,0.18
1811,1,1.19
1811,2,1.11
1811,3,1.15
1811,4,1.17
1811,5,1.02
1811,6,1.13
1811,7,1.09
1811,8,1.03
1811,9,1.06
1811,10,1.11
1811,11,1.2
1811,12,1.02
1812,1,2.08
1812,2,2.01
1812,3,2.03
1812,4,2.05
1812,5,2.04
1812,6,2.06
1812,7,2.0
1812,8,2.02
1812,9,2.05
1812,10,2.12
1812,11,2.02
1812,12,2.16
1813,1,3.05
1813,2,3.09
1813,3,3.16
1813,4,3.11
1813,5,3.14
1813,6,3.0
1813,7,3.12
1813,8,3.01
1813,9,3.01
1813,10,3.15
1813,11,3.15
1813,12,3.16
1814,1,4.02
1814,2,4.2
1814,3,4.09
1814,4,4.07
1814,5,4.02
1814,6,4.06
1814,7,4.09
1814,8,4.1
1814,9,4.16
1814,10,4.12
1814,11,4.06
1814,12,4.01
1815,1,5.15
1815,2,5.06
1815,3,5.17
1815,4,5.01
1815,5,5.05
1815,6,5.04
1815,7,5.04
1815,8,5.08
1815,9,5.04
1815,10,5.09
1815,11,5.02
1815,12,5.15
1816,1,6.09
1816,2,6.0
1816,3,6.1
1816,4,6.15
1816,5,6.13
1816,6,6.18
1816,7,6.17
1816,8,6.15
1816,9,6.15
1816,10,6.08
1816,11,6.12
1816,12,6.07
1817,1,7.11
1817,2,7.18
1817,3,7.02
1817,4,7.06
1817,5,7.17
1817,6,7.14
1817,7,7.09
1817,8,7.01
1817,9,7.13
1817,10,7.09
1817,11,7.06
1817,12,7.19
1818,1,8.07
1818,2,8.03
1818,3,8.2
1818,4,8.17
1818,5,8.14
1818,6,8.06
1818,7,8.14
1818,8,8.08
1818,9,8.1
1818,10,8.04
1818,11,8.19
1818,12,8.09
1819,1,9.04
1819,2,9.17
1819,3,9.02
1819,4,9.16
1819,5,9.18
1819,6,9.19
1819,7,9.11
1819,8,9.05
1819,9,9.02
1819,10,9.01
1819,11,9.09
1819,12,9.16
1820,1,0.08
1820,2,0.07
1820,3,0.1
1820,4,0.07
1820,5,0.08
1820,6,0.09
1820,7,0.14
1820,8,0.18
1820,9,0.1
1820,10,0.19
1820,11,0.02
1820,12,0.07
1821,1,1.03
1821,2,1.0
1821,3,1.11
1821,4,1.2
1821,5,1.01
1821,6,1.15
1821,7,1.19
1821,8,1.04
1821,9,1.15
1821,10,1.17
1821,11,1.01
1821,12,1.15
1822,1,2.14
1822,2,2.05
1822,3,2.15
1822,4,2.16
1822,5,2.17
1822,6,2.2
1822,7,2.12
1822,8,2.05
1822,9,2.12
1822,10,2.12
1822,11,2.12
1822,12,2.11
1823,1,3.17
1823,2,3.05
1823,3,3.02
1823,4,3.1
1823,5,3.17
1823,6,3.19
1823,7,3.14
1823,8,3.08
1823,9,3.18
1823,10,3.11
1823,11,3.2
1823,12,3.17
1824,1,4.11
1824,2,4.03
1824,3,4.13
1824,4,4.11
1824,5,4.1
1824,6,4.12
1824,7,4.12
1824,8,4.06
1824,9,4.05
1824,10,4.19
1824,11,4.05
1824,12,4.13
1825,1,5.15
1825,2,5.08
1825,3,5.08
1825,4,5.0
1825,5,5.02
1825,6,5.13
1825,7,5.07
1825,8,5.11
1825,9,5.16
1825,10,5.04
1825,11,5.15
1825,12,5.02
1826,1,6.18
1826,2,6.04
1826,3,6.05
1826,4,6.03
1826,5,6.09
1826,6,6.11
1826,7,6.09
1826,8,6.13
1826,9,6.1
1826,10,6.14
1826,11,6.05
1826,12,6.02
1827,1,7.12
1827,2,7.11
1827,3,7.15
1827,4,7.0
1827,5,7.18
1827,6,7.11
1827,7,7.13
1827,8,7.12
1827,9,7.17
1827,10,7.14
1827,11,7.2
1827,12,7.13
1828,1,8.08
1828,2,8.04
1828,3,8.09
1828,4,8.13
1828,5,8.2
1828,6,8.15
1828,7,8.01
1828,8,8.03
1828,9,8.03
1828,10,8.16
1828,11,8.06
1828,12,8.18
1829,1,9.18
1829,2,9.15
1829,3,9.03
1829,4,9.06
1829,5,9.04
1829,6,9.0
1829,7,9.14
1829,8,9.19
1829,9,9.14
1829,10,9.1
1829,11,9.03
1829,12,9.18
1830,1,0.03
1830,2,0.13
1830,3,0.12
1830,4,0.07
1830,5,0.15
1830,6,0.11
1830,7,0.17
1830,8,0.18
1830,9,0.01
1830,10,0.15
1830,11,0.06
1830,12,0.14
1831,1,1.03
1831,2,1.02
1831,3,1.0
1831,4,1.04
1831,5,1.14
1831,6,1.19
1831,7,1.06
1831,8,1.0
1831,9,1.19
1831,10,1.03
1831,11,1.18
1831,12,1.07
1832,1,2.14
1832,2,2.04
1832,3,2.02
1832,4,2.04
1832,5,2.15
1832,6,2.0
1832,7,2.1
1832,8,2.05
1832,9,2.16
1832,10,2.13
1832,11,2.06
1832,12,2.15
1833,1,3.06
1833,2,3.15
1833,3,3.2
1833,4,3.04
1833,5,3.09
1833,6,3.03
1833,7,3.15
1833,8,3.01
1833,9,3.02
1833,10,3.01
1833,11,3.0
1833,12,3.04
1834,1,4.11
1834,2,4.17
1834,3,4.11
1834,4,4.03
1834,5,4.16
1834,6,4.13
1834,7,4.1
1834,8,4.03
1834,9,4.19
1834,10,4.16
1834,11,4.14
1834,12,4.19
1835,1,5.03
1835,2,5.01
1835,3,5.02
1835,4,5.05
1835,5,5.15
1835,6,5.01
1835,7,5.05
1835,8,5.16
1835,9,5.06
1835,10,5.1
1835,11,5.07
1835,12,5.03
1836,1,6.0
1836,2,6.04
1836,3,6.06
1836,4,6.0
1836,5,6.15
1836,6,6.12
1836,7,6.09
1836,8,6.08
1836,9,6.09
1836,10,6.01
1836,11,6.09
1836,12,6.2
1837,1,7.18
1837,2,7.08
1837,3,7.2
1837,4,7.11
1837,5,7.06
1837,6,7.03
1837,7,7.02
1837,8,7.16
1837,9,7.02
1837,10,7.07
1837,11,7.13
1837,12,7.02
1838,1,8.05
1838,2,8.19
1838,3,8.06
1838,4,8.11
1838,5,8.2
1838,6,8.16
1838,7,8.0
1838,8,8.08
1838,9,8.18
1838,10,8.15
1838,11,8.15
1838,12,8.08
1839,1,9.07
1839,2,9.11
1839,3,9.06
1839,4,9.18
1839,5,9.07
1839,6,9.04
1839,7,9.11
1839,8,9.16
1839,9,9.09
1839,10,9.02
1839,11,9.08
1839,12,9.04
1840,1,0.13
1840,2,0.04
1840,3,0.18
1840,4,0.16
1840,5,0.02
1840,6,0.09
1840,7,0.0
1840,8,0.06
1840,9,0.15
1840,10,0.1
1840,11,0.05
1840,12,0.01
1841,1,1.18
1841,2,1.1
1841,3,1.06
1841,4,1.19
1841,5,1.01
1841,6,1.18
1841,7,1.12
1841,8,1.03
1841,9,1.12
1841,10,1.08
1841,11,1.01
1841,12,1.01
1842,1,2.14
1842,2,2.13
1842,3,2.13
1842,4,2.16
1842,5,2.12
1842,6,2.09
1842,7,2.02
1842,8,2.05
1842,9,2.18
1842,10,2.12
1842,11,2.2
1842,12,2.13
1843,1,3.09
1843,2,3.17
1843,3,3.1
1843,4,3.14
1843,5,3.12
1843,6,3.11
1843,7,3.09
1843,8,3.02
1843,9,3.09
1843,10,3.02
1843,11,3.04
1843,12,3.07
1844,1,4.02
1844,2,4.11
1844,3,4.13
1844,4,4.12
1844,5,4.1
1844,6,4.15
1844,7,4.16
1844,8,4.11
1844,9,4.07
1844,10,4.1
1844,11,4.17
1844,12,4.11
1845,1,5.14
1845,2,5.08
1845,3,5.01
1845,4,5.06
1845,5,5.18
1845,6,5.14
1845,7,5.13
1845,8,5.04
1845,9,5.06
1845,10,5.15
1845,11,5.1
1845,12,5.07
1846,1,6.17
1846,2,6.04
1846,3,6.1
1846,4,6.02
1846,5,6.17
1846,6,6.02
1846,7,6.09
1846,8,6.19
1846,9,6.07
1846,10,6.07
1846,11,6.05
1846,12,6.01
1847,1,7.01
1847,2,7.17
1847,3,7.16
1847,4,7.06
1847,5,7.1
1847,6,7.07
1847,7,7.0
1847,8,7.2
1847,9,7.06
1847,10,7.12
1847,11,7.18
1847,12,7.09
1848,1,8.12
1848,2,8.04
1848,3,8.1
1848,4,8.11
1848,5,8.11
1848,6,8.06
1848,7,8.18
1848,8,8.08
1848,9,8.01
1848,10,8.14
1848,11,8.15
1848,12,8.17
1849,1,9.2
1849,2,9.1
1849,3,9.07
1849,4,9.12
1849,5,9.04
1849,6,9.2
1849,7,9.13
1849,8,9.04
1849,9,9.16
1849,10,9.0
1849,11,9.08
1849,12,9.12
1850,1,0.03
1850,2,0.18
1850,3,0.12
1850,4,0.0
1850,5,0.19
1850,6,0.19
1850,7,0.13
1850,8,0.06
1850,9,0.01
1850,10,0.14
1850,11,0.13
1850,12,0.05
1851,1,1.04
1851,2,1.19
1851,3,1.14
1851,4,1.13
1851,5,1.04
1851,6,1.2
1851,7,1.09
1851,8,1.12
1851,9,1.09
1851,10,1.0
1851,11,1.16
1851,12,1.1
1852,1,2.19
1852,2,2.12
1852,3,2.14
1852,4,2.19
1852,5,2.14
1852,6,2.01
1852,7,2.1
1852,8,2.08
1852,9,2.12
1852,10,2.12
1852,11,2.08
1852,12,2.04
1853,1,3.16
1853,2,3.02
1853,3,3.11
1853,4,3.07
1853,5,3.08
1853,6,3.18
1853,7,3.11
1853,8,3.07
1853,9,3.0
1853,10,3.15
1853,11,3.01
1853,12,3.02
1854,1,4.18
1854,2,4.16
1854,3,4.17
1854,4,4.04
1854,5,4.16
1854,6,4.2
1854,7,4.17
1854,8,4.05
1854,9,4.06
1854,10,4.12
1854,11,4.09
1854,12,4.03
1855,1,5.19
1855,2,5.13
1855,3,5.08
1855,4,5.16
1855,5,5.16
1855,6,5.09
1855,7,5.01
1855,8,5.01
1855,9,5.02
1855,10,5.03
1855,11,5.09
1855,12,5.04
1856,1,6.07
1856,2,6.12
1856,3,6.07
1856,4,6.17
1856,5,6.1
1856,6,6.13
1856,7,6.07
1856,8,6.15
1856,9,6.15
1856,10,6.06
1856,11,6.18
1856,12,6.19
1857,1,7.09
1857,2,7.1
1857,3,7.07
1857,4,7.12
1857,5,7.16
1857,6,7.15
1857,7,7.18
1857,8,7.18
1857,9,7.14
1857,10,7.16
1857,11,7.18
1857,12,7.12
1858,1,8.0
1858,2,8.07
1858,3,8.07
1858,4,8.02
1858,5,8.13
1858,6,8.02
1858,7,8.12
1858,8,8.03
1858,9,8.13
1858,10,8.11
1858,11,8.14
1858,12,8.05
1859,1,9.12
1859,2,9.12
1859,3,9.03
1859,4,9.16
1859,5,9.12
1859,6,9.03
1859,7,9.16
1859,8,9.07
1859,9,9.17
1859,10,9.07
1859,11,9.15
1859,12,9.11
1860,1,0.04
1860,2,0.06
1860,3,0.05
1860,4,0.17
1860,5,0.08
1860,6,0.16
1860,7,0.11
1860,8,0.06
1860,9,0.19
1860,10,0.06
1860,11,0.07
1860,12,0.05
1861,1,1.1
1861,2,1.0
1861,3,1.05
1861,4,1.11
1861,5,1.08
1861,6,1.13
1861,7,1.18
1861,8,1.01
1861,9,1.1
1861,10,1.03
1861,11,1.12
1861,12,1.16
1862,1,2.11
1862,2,2.12
1862,3,2.19
1862,4,2.18
1862,5,2.11
1862,6,2.18
1862,7,2.09
1862,8,2.04
1862,9,2.16
1862,10,2.07
1862,11,2.07
1862,12,2.09
1863,1,3.04
1863,2,3.15
1863,3,3.11
1863,4,3.01
1863,5,3.13
1863,6,3.14
1863,7,3.19
1863,8,3.04
1863,9,3.12
1863,10,3.01
1863,11,3.02
1863,12,3.0
1864,1,4.09
1864,2,4.06
1864,3,4.14
1864,4,4.18
1864,5,4.07
1864,6,4.02
1864,7,4.14
1864,8,4.13
1864,9,4.12
1864,10,4.14
1864,11,4.12
1864,12,4.02
1865,1,5.17
1865,2,5.1
1865,3,5.13
1865,4,5.13
1865,5,5.08
1865,6,5.1
1865,7,5.08
1865,8,5.17
1865,9,5.18
1865,10,5.0
1865,11,5.11
1865,12,5.09
1866,1,6.11
1866,2,6.11
1866,3,6.17
1866,4,6.05
1866,5,6.05
1866,6,6.09
1866,7,6.19
1866,8,6.04
1866,9,6.05
1866,10,6.11
1866,11,6.03
1866,12,6.05
1867,1,7.06
1867,2,7.08
1867,3,7.1
1867,4,7.16
1867,5,7.14
1867,6,7.0
1867,7,7.17
1867,8,7.05
1867,9,7.2
1867,10,7.08
1867,11,7.03
1867,12,7.13
1868,1,8.19
1868,2,8.1
1868,3,8.1
1868,4,8.03
1868,5,8.17
1868,6,8.02
1868,7,8.17
1868,8,8.06
1868,9,8.04
1868,10,8.11
1868,11,8.1
1868,12,8.15
1869,1,9.07
1869,2,9.19
1869,3,9.1
1869,4,9.1
1869,5,9.13
1869,6,9.13
1869,7,9.02
1869,8,9.19
1869,9,9.18
1869,10,9.07
1869,11,9.01
1869,12,9.18
1870,1,0.05
1870,2,0.11
1870,3,0.0
1870,4,0.16
1870,5,0.01
1870,6,0.13
1870,7,0.2
1870,8,0.03
1870,9,0.05
1870,10,0.04
1870,11,0.1
1870,12,0.02
1871,1,1.03
1871,2,1.01
1871,3,1.07
1871,4,1.04
1871,5,1.14
1871,6,1.03
1871,7,1.03
1871,8,1.2
1871,9,1.1
1871,10,1.18
1871,11,1.02
1871,12,1.06
1872,1,2.1
1872,2,2.16
1872,3,2.1
1872,4,2.09
1872,5,2.15
1872,6,2.1
1872,7,2.16
1872,8,2.08
1872,9,2.13
1872,10,2.02
1872,11,2.12
1872,12,2.14
1873,1,3.17
1873,2,3.01
1873,3,3.12
1873,4,3.09
1873,5,3.1
1873,6,3.05
1873,7,3.06
1873,8,3.11
1873,9,3.01
1873,10,3.19
1873,11,3.05
1873,12,3.13
1874,1,4.03
1874,2,4.08
1874,3,4.17
1874,4,4.0
1874,5,4.14
1874,6,4.06
1874,7,4.12
1874,8,4.2
1874,9,4.04
1874,10,4.15
1874,11,4.1
1874,12,4.04
1875,1,5.17
1875,2,5.0
1875,3,5.13
1875,4,5.06
1875,5,5.16
1875,6,5.18
1875,7,5.15
1875,8,5.05
1875,9,5.17
1875,10,5.19
1875,11,5.18
1875,12,5.01
1876,1,6.16
1876,2,6.19
1876,3,6.07
1876,4,6.08
1876,5,6.16
1876,6,6.17
1876,7,6.12
1876,8,6.13
1876,9,6.11
1876,10,6.07
1876,11,6.18
1876,12,6.14
1877,1,7.14
1877,2,7.07
1877,3,7.14
1877,4,7.18
1877,5,7.14
1877,6,7.1
1877,7,7.16
1877,8,7.04
1877,9,7.18
1877,10,7.14
1877,11,7.18
1877,12,7.14
1878,1,8.19
1878,2,8.08
1878,3,8.1
1878,4,8.02
1878,5,8.08
1878,6,8.13
1878,7,8.16
1878,8,8.13
1878,9,8.09
1878,10,8.08
1878,11,8.11
1878,12,8.17
1879,1,9.18
1879,2,9.08
1879,3,9.07
1879,4,9.16
1879,5,9.09
1879,6,9.15
1879,7,9.06
1879,8,9.02
1879,9,9.07
1879,10,9.01
1879,11,9.01
1879,12,9.13
1880,1,0.11
1880,2,0.08
1880,3,0.11
1880,4,0.11
1880,5,0.14
1880,6,0.19
1880,7,0.04
1880,8,0.09
1880,9,0.19
1880,10,0.19
1880,11,0.0
1880,12,0.15
1881,1,1.0
1881,2,1.19
1881,3,1.06
1881,4,1.11
1881,5,1.03
1881,6,1.13
1881,7,1.2
1881,8,1.19
1881,9,1.05
1881,10,1.09
1881,11,1.03
1881,12,1.1
1882,1,2.08
1882,2,2.03
1882,3,2.06
1882,4,2.13
1882,5,2.17
1882,6,2.06
1882,7,2.12
1882,8,2.16
1882,9,2.06
1882,10,2.05
1882,11,2.11
1882,12,2.2
1883,1,3.0
1883,2,3.06
1883,3,3.11
1883,4,3.12
1883,5,3.1
1883,6,3.11
1883,7,3.12
1883,8,3.03
1883,9,3.13
1883,10,3.08
1883,11,3.1
1883,12,3.14
1884,1,4.01
1884,2,4.06
1884,3,4.12
1884,4,4.07
1884,5,4.14
1884,6,4.1
1884,7,4.01
1884,8,4.18
1884,9,4.11
1884,10,4.08
1884,11,4.06
1884,12,4.02
1885,1,5.17
1885,2,5.13
1885,3,5.09
1885,4,5.06
1885,5,5.13
1885,6,5.02
1885,7,5.13
1885,8,5.13
1885,9,5.07
1885,10,5.04
1885,11,5.01
1885,12,5.16
1886,1,6.03
1886,2,6.07
1886,3,6.16
1886,4,6.17
1886,5,6.15
1886,6,6.15
1886,7,6.19
1886,8,6.17
1886,9,6.17
1886,10,6.19
1886,11,6.04
1886,12,6.03
1887,1,7.18
1887,2,7.16
1887,3,7.14
1887,4,7.16
1887,5,7.05
1887,6,7.08
1887,7,7.17
1887,8,7.16
1887,9,7.12
1887,10,7.16
1887,11,7.02
1887,12,7.0
1888,1,8.17
1888,2,8.08
1888,3,8.04
1888,4,8.14
1888,5,8.01
1888,6,8.11
1888,7,8.03
1888,8,8.02
1888,9,8.14
1888,10,8.03
1888,11,8.13
1888,12,8.01
1889,1,9.09
1889,2,9.13
1889,3,9.08
1889,4,9.12
1889,5,9.15
1889,6,9.03
1889,7,9.16
1889,8,9.15
1889,9,9.19
1889,10,9.19
1889,11,9.18
1889,12,9.1
1890,1,0.14
1890,2,0.17
1890,3,0.06
1890,4,0.01
1890,5,0.14
1890,6,0.02
1890,7,0.13
1890,8,0.11
1890,9,0.11
1890,10,0.05
1890,11,0.1
1890,12,0.07
1891,1,1.08
1891,2,1.17
1891,3,1.17
1891,4,1.1
1891,5,1.17
1891,6,1.01
1891,7,1.18
1891,8,1.0
1891,9,1.08
1891,10,1.18
1891,11,1.08
1891,12,1.19
1892,1,2.05
1892,2,2.04
1892,3,2.02
1892,4,2.1
1892,5,2.01
1892,6,2.16
1892,7,2.07
1892,8,2.12
1892,9,2.14
1892,10,2.08
1892,11,2.01
1892,12,2.02
1893,1,3.14
1893,2,3.14
1893,3,3.12
1893,4,3.17
1893,5,3.13
1893,6,3.11
1893,7,3.08
1893,8,3.14
1893,9,3.1
1893,10,3.08
1893,11,3.17
1893,12,3.0
1894,1,4.17
1894,2,4.11
1894,3,4.08
1894,4,4.15
1894,5,4.03
1894,6,4.11
1894,7,4.08
1894,8,4.02
1894,9,4.01
1894,10,4.05
1894,11,4.02
1894,12,4.07
1895,1,5.1
1895,2,5.03
1895,3,5.09
1895,4,5.13
1895,5,5.09
1895,6,5.14
1895,7,5.17
1895,8,5.19
1895,9,5.13
1895,10,5.2
1895,11,5.11
1895,12,5.13
1896,1,6.13
1896,2,6.16
1896,3,6.18
1896,4,6.19
1896,5,6.06
1896,6,6.02
1896,7,6.17
1896,8,6.09
1896,9,6.08
1896,10,6.05
1896,11,6.02
1896,12,6.16
1897,1,7.12
1897,2,7.09
1897,3,7.15
1897,4,7.06
1897,5,7.16
1897,6,7.04
1897,7,7.0
1897,8,7.1
1897,9,7.06
1897,10,7.08
1897,11,7.19
1897,12,7.17
1898,1,8.11
1898,2,8.0
1898,3,8.08
1898,4,8.12
1898,5,8.06
1898,6,8.11
1898,7,8.2
1898,8,8.18
1898,9,8.14
1898,10,8.04
1898,11,8.19
1898,12,8.15
1899,1,9.06
1899,2,9.01
1899,3,9.12
1899,4,9.11
1899,5,9.02
1899,6,9.04
1899,7,9.14
1899,8,9.07
1899,9,9.05
1899,10,9.03
1899,11,9.19
1899,12,9.13
1900,1,0.04
1900,2,0.08
1900,3,0.09
1900,4,0.19
1900,5,0.14
1900,6,0.03
1900,7,0.08
1900,8,0.12
1900,9,0.1
1900,10,0.09
1900,11,0.18
1900,12,0.09
1901,1,1.02
1901,2,1.05
1901,3,1.03
1901,4,1.08
1901,5,1.15
1901,6,1.02
1901,7,1.16
1901,8,1.09
1901,9,1.08
1901,10,1.06
1901,11,1.08
1901,12,1.1
1902,1,2.12
1902,2,2.16
1902,3,2.16
1902,4,2.15
1902,5,2.12
1902,6,2.07
1902,7,2.07
1902,8,2.06
1902,9,2.05
1902,10,2.01
1902,11,2.14
1902,12,2.16
1903,1,3.06
1903,2,3.07
1903,3,3.07
1903,4,3.14
1903,5,3.1
1903,6,3.05
1903,7,3.14
1903,8,3.08
1903,9,3.17
1903,10,3.01
1903,11,3.08
1903,12,3.11
1904,1,4.13
1904,2,4.14
1904,3,4.03
1904,4,4.03
1904,5,4.17
1904,6,4.2
1904,7,4.18
1904,8,4.07
1904,9,4.09
1904,10,4.17
1904,11,4.05
1904,12,4.19
1905,1,5.12
1905,2,5.07
1905,3,5.13
1905,4,5.18
1905,5,5.07
1905,6,5.18
1905,7,5.2
1905,8,5.01
1905,9,5.15
1905,10,5.1
1905,11,5.02
1905,12,5.18
1906,1,6.12
1906,2,6.12
1906,3,6.14
1906,4,6.14
1906,5,6.18
1906,6,6.01
1906,7,6.03
1906,8,6.0
1906,9,6.07
1906,10,6.1
1906,11,6.16
1906,12,6.02
1907,1,7.18
1907,2,7.04
1907,3,7.1
1907,4,7.05
1907,5,7.18
1907,6,7.13
1907,7,7.11
1907,8,7.08
1907,9,7.17
1907,10,7.19
1907,11,7.13
1907,12,7.14
1908,1,8.19
1908,2,8.15
1908,3,8.07
1908,4,8.12
1908,5,8.11
1908,6,8.1
1908,7,8.14
1908,8,8.18
1908,9,8.02
1908,10,8.08
1908,11,8.08
1908,12,8.18
1909,1,9.07
1909,2,9.16
1909,3,9.0
1909,4,9.03
1909,5,9.11
1909,6,9.09
1909,7,9.08
1909,8,9.11
1909,9,9.05
1909,10,9.15
1909,11,9.02
1909,12,9.13
1910,1,0.13
1910,2,0.15
1910,3,0.02
1910,4,0.17
1910,5,0.15
1910,6,0.02
1910,7,0.06
1910,8,0.15
1910,9,0.02
1910,10,0.07
1910,11,0.08
1910,12,0.04
1911,1,1.03
1911,2,1.06
1911,3,1.08
1911,4,1.01
1911,5,1.12
1911,6,1.14
1911,7,1.1
1911,8,1.15
1911,9,1.13
1911,10,1.01
1911,11,1.03
1911,12,1.03
1912,1,2.09
1912,2,2.16
1912,3,2.01
1912,4,2.12
1912,5,2.03
1912,6,2.04
1912,7,2.18
1912,8,2.06
1912,9,2.17
1912,10,2.02
1912,11,2.16
1912,12,2.06
1913,1,3.19
1913,2,3.12
1913,3,3.1
1913,4,3.1
1913,5,3.14
1913,6,3.1
1913,7,3.03
1913,8,3.0
1913,9,3.17
1913,10,3.02
1913,11,3.12
1913,12,3.01
1914,1,4.07
1914,2,4.13
1914,3,4.07
1914,4,4.08
1914,5,4.06
1914,6,4.14
1914,7,4.09
1914,8,4.16
1914,9,4.07
1914,10,4.03
1914,11,4.18
1914,12,4.04
1915,1,5.14
1915,2,5.02
1915,3,5.1
1915,4,5.19
1915,5,5.05
1915,6,5.04
1915,7,5.1
1915,8,5.02
1915,9,5.12
1915,10,5.19
1915,11,5.07
1915,12,5.03
1916,1,6.08
1916,2,6.04
1916,3,6.08
1916,4,6.11
1916,5,6.15
1916,6,6.06
1916,7,6.03
1916,8,6.0
1916,9,6.1
1916,10,6.04
1916,11,6.15
1916,12,6.15
1917,1,7.13
1917,2,7.03
1917,3,7.17
1917,4,7.18
1917,5,7.05
1917,6,7.15
1917,7,7.07
1917,8,7.04
1917,9,7.04
1917,10,7.2
1917,11,7.18
1917,12,7.11
1918,1,8.06
1918,2,8.15
1918,3,8.02
1918,4,8.17
1918,5,8.2
1918,6,8.08
1918,7,8.07
1918,8,8.07
1918,9,8.09
1918,10,8.13
1918,11,8.2
1918,12,8.09
1919,1,9.11
1919,2,9.2
1919,3,9.04
1919,4,9.09
1919,5,9.02
1919,6,9.07
1919,7,9.05
1919,8,9.04
1919,9,9.04
1919,10,9.17
1919,11,9.01
1919,12,9.07
1920,1,0.1
1920,2,0.16
1920,3,0.01
1920,4,0.09
1920,5,0.08
1920,6,0.18
1920,7,0.13
1920,8,0.12
1920,9,0.09
1920,10,0.02
1920,11,0.09
1920,12,0.01
1921,1,1.11
1921,2,1.11
1921,3,1.07
1921,4,1.05
1921,5,1.07
1921,6,1.12
1921,7,1.11
1921,8,1.19
1921,9,1.1
1921,10,1.13
1921,11,1.16
1921,12,1.12
1922,1,2.19
1922,2,2.12
1922,3,2.01
1922,4,2.12
1922,5,2.1
1922,6,2.01
1922,7,2.06
1922,8,2.04
1922,9,2.11
1922,10,2.14
1922,11,2.03
1922,12,2.17
1923,1,3.13
1923,2,3.12
1923,3,3.0
1923,4,3.19
1923,5,3.07
1923,6,3.19
1923,7,3.15
1923,8,3.16
1923,9,3.12
1923,10,3.18
1923,11,3.15
1923,12,3.09
1924,1,4.09
1924,2,4.1
1924,3,4.09
1924,4,4.16
1924,5,4.06
1924,6,4.12
1924,7,4.16
1924,8,4.18
1924,9,4.09
1924,10,4.15
1924,11,4.16
1924,12,4.19
1925,1,5.06
1925,2,5.04
1925,3,5.08
1925,4,5.03
1925,5,5.04
1925,6,5.15
1925,7,5.1
1925,8,5.03
1925,9,5.15
1925,10,5.06
1925,11,5.19
1925,12,5.12
1926,1,6.1
1926,2,6.14
1926,3,6.01
1926,4,6.18
1926,5,6.12
1926,6,6.09
1926,7,6.18
1926,8,6.13
1926,9,6.01
1926,10,6.18
1926,11,6.16
1926,12,6.07
1927,1,7.16
1927,2,7.18
1927,3,7.01
1927,4,7.11
1927,5,7.09
1927,6,7.16
1927,7,7.03
1927,8,7.19
1927,9,7.17
1927,10,7.18
1927,11,7.04
1927,12,7.15
1928,1,8.17
1928,2,8.13
1928,3,8.02
1928,4,8.18
1928,5,8.11
1928,6,8.11
1928,7,8.04
1928,8,8.06
1928,9,8.0
1928,10,8.05
1928,11,8.19
1928,12,8.0
1929,1,9.02
1929,2,9.1
1929,3,9.09
1929,4,9.0
1929,5,9.09
1929,6,9.19
1929,7,9.17
1929,8,9.03
1929,9,9.02
1929,10,9.08
1929,11,9.03
1929,12,9.03
1930,1,0.03
1930,2,0.01
1930,3,0.05
1930,4,0.1
1930,5,0.12
1930,6,0.0
1930,7,0.06
1930,8,0.06
1930,9,0.18
1930,10,0.15
1930,11,0.1
1930,12,0.06
1931,1,1.16
1931,2,1.05
1931,3,1.16
1931,4,1.18
1931,5,1.04
1931,6,1.09
1931,7,1.19
1931,8,1.13
1931,9,1.06
1931,10,1.1
1931,11,1.04
1931,12,1.18
1932,1,2.02
1932,2,2.05
1932,3,2.14
1932,4,2.17
1932,5,2.04
1932,6,2.01
1932,7,2.16
1932,8,2.11
1932,9,2.12
1932,10,2.01
1932,11,2.17
1932,12,2.07
1933,1,3.13
1933,2,3.04
1933,3,3.18
1933,4,3.01
1933,5,3.01
1933,6,3.16
1933,7,3.15
1933,8,3.11
1933,9,3.15
1933,10,3.02
1933,11,3.03
1933,12,3.04
1934,1,4.14
1934,2,4.02
1934,3,4.17
1934,4,4.04
1934,5,4.12
1934,6,4.15
1934,7,4.14
1934,8,4.04
1934,9,4.01
1934,10,4.09
1934,11,4.04
1934,12,4.18
1935,1,5.17
1935,2,5.11
1935,3,5.08
1935,4,5.01
1935,5,5.04
1935,6,5.14
1935,7,5.08
1935,8,5.12
1935,9,5.1
1935,10,5.08
1935,11,5.11
1935,12,5.1
1936,1,6.08
1936,2,6.19
1936,3,6.18
1936,4,6.13
1936,5,6.03
1936,6,6.04
1936,7,6.17
1936,8,6.08
1936,9,6.02
1936,10,6.03
1936,11,6.14
1936,12,6.0
1937,1,7.08
1937,2,7.14
1937,3,7.04
1937,4,7.19
1937,5,7.08
1937,6,7.16
1937,7,7.06
1937,8,7.1
1937,9,7.01
1937,10,7.0
1937,11,7.02
1937,12,7.02
1938,1,8.1
1938,2,8.05
1938,3,8.19
1938,4,8.0
1938,5,8.1
1938,6,8.17
1938,7,8.17
1938,8,8.1
1938,9,8.17
1938,10,8.19
1938,11,8.11
1938,12,8.14
1939,1,9.08
1939,2,9.08
1939,3,9.09
1939,4,9.19
1939,5,9.16
1939,6,9.15
1939,7,9.14
1939,8,9.05
1939,9,9.15
1939,10,9.08
1939,11,9.02
1939,12,9.04
1940,1,0.06
1940,2,0.18
1940,3,0.15
1940,4,0.04
1940,5,0.11
1940,6,0.11
1940,7,0.13
1940,8,0.14
1940,9,0.15
1940,10,0.14
1940,11,0.1
1940,12,0.04
1941,1,1.13
1941,2,1.08
1941,3,1.01
1941,4,1.06
1941,5,1.15
1941,6,1.16
1941,7,1.05
1941,8,1.09
1941,9,1.07
1941,10,1.13
1941,11,1.16
1941,12,1.15
1942,1,2.1
1942,2,2.02
1942,3,2.19
1942,4,2.08
1942,5,2.08
1942,6,2.02
1942,7,2.02
1942,8,2.11
1942,9,2.14
1942,10,2.17
1942,11,2.18
1942,12,2.11
1943,1,3.17
1943,2,3.01
1943,3,3.1
1943,4,3.07
1943,5,3.14
1943,6,3.08
1943,7,3.16
1943,8,3.09
1943,9,3.14
1943,10,3.05
1943,11,3.1
1943,12,3.15
1944,1,4.04
1944,2,4.06
1944,3,4.06
1944,4,4.06
1944,5,4.2
1944,6,4.18
1944,7,4.13
1944,8,4.0
1944,9,4.03
1944,10,4.06
1944,11,4.11
1944,12,4.06
1945,1,5.14
1945,2,5.1
1945,3,5.13
1945,4,5.14
1945,5,5.14
1945,6,5.1
1945,7,5.17
1945,8,5.15
1945,9,5.17
1945,10,5.02
1945,11,5.17
1945,12,5.08
1946,1,6.1
1946,2,6.05
1946,3,6.07
1946,4,6.01
1946,5,6.11
1946,6,6.14
1946,7,6.06
1946,8,6.15
1946,9,6.1
1946,10,6.11
1946,11,6.03
1946,12,6.14
1947,1,7.05
1947,2,7.14
1947,3,7.03
1947,4,7.07
1947,5,7.06
1947,6,7.08
1947,7,7.07
1947,8,7.2
1947,9,7.08
1947,10,7.11
1947,11,7.05
1947,12,7.06
1948,1,8.12
1948,2,8.12
1948,3,8.06
1948,4,8.12
1948,5,8.08
1948,6,8.19
1948,7,8.08
1948,8,8.09
1948,9,8.07
1948,10,8.01
1948,11,8.11
1948,12,8.1
1949,1,9.16
1949,2,9.03
1949,3,9.16
1949,4,9.16
1949,5,9.01
1949,6,9.09
1949,7,9.18
1949,8,9.15
1949,9,9.05
1949,10,9.03
1949,11,9.04
1949,12,9.16
1950,1,0.02
1950,2,0.05
1950,3,0.07
1950,4,0.17
1950,5,0.1
1950,6,0.03
1950,7,0.17
1950,8,0.19
1950,9,0.19
1950,10,0.07
1950,11,0.16
1950,12,0.08
1951,1,1.11
1951,2,1.19
1951,3,1.01
1951,4,1.1
1951,5,1.06
1951,6,1.06
1951,7,1.19
1951,8,1.09
1951,9,1.14
1951,10,1.1
1951,11,1.08
1951,12,1.02
1952,1,2.08
1952,2,2.12
1952,3,2.11
1952,4,2.03
1952,5,2.03
1952,6,2.01
1952,7,2.16
1952,8,2.15
1952,9,2.06
1952,10,2.08
1952,11,2.13
1952,12,2.03
1953,1,3.02
1953,2,3.08
1953,3,3.08
1953,4,3.17
1953,5,3.19
1953,6,3.08
1953,7,3.0
1953,8,3.16
1953,9,3.06
1953,10,3.2
1953,11,3.04
1953,12,3.06
1954,1,4.08
1954,2,4.13
1954,3,4.0
1954,4,4.0
1954,5,4.06
1954,6,4.02
1954,7,4.1
1954,8,4.05
1954,9,4.2
1954,10,4.16
1954,11,4.1
1954,12,4.04
1955,1,5.15
1955,2,5.2
1955,3,5.01
1955,4,5.03
1955,5,5.12
1955,6,5.2
1955,7,5.19
1955,8,5.03
1955,9,5.17
1955,10,5.16
1955,11,5.19
1955,12,5.0
1956,1,6.2
1956,2,6.01
1956,3,6.15
1956,4,6.08
1956,5,6.04
1956,6,6.02
1956,7,6.18
1956,8,6.07
1956,9,6.14
1956,10,6.12
1956,11,6.06
1956,12,6.03
1957,1,7.06
1957,2,7.19
1957,3,7.11
1957,4,7.01
1957,5,7.05
1957,6,7.17
1957,7,7.04
1957,8,7.16
1957,9,7.14
1957,10,7.11
1957,11,7.02
1957,12,7.05
1958,1,8.12
1958,2,8.2
1958,3,8.0
1958,4,8.15
1958,5,8.16
1958,6,8.1
1958,7,8.12
1958,8,8.11
1958,9,8.07
1958,10,8.13
1958,11,8.16
1958,12,8.03
1959,1,9.04
1959,2,9.15
1959,3,9.2
1959,4,9.09
1959,5,9.2
1959,6,9.18
1959,7,9.08
1959,8,9.12
1959,9,9.16
1959,10,9.09
1959,11,9.04
1959,12,9.17
1960,1,0.17
1960,2,0.05
1960,3,0.04
1960,4,0.19
1960,5,0.19
1960,6,0.14
1960,7,0.13
1960,8,0.14
1960,9,0.19
1960,10,0.12
1960,11,0.15
1960,12,0.08
1961,1,1.16
1961,2,1.13
1961,3,1.05
1961,4,1.18
1961,5,1.12
1961,6,1.1
1961,7,1.14
1961,8,1.17
1961,9,1.14
1961,10,1.17
1961,11,1.03
1961,12,1.05
1962,1,2.19
1962,2,2.01
1962,3,2.0
1962,4,2.02
1962,5,2.09
1962,6,2.16
1962,7,2.03
1962,8,2.08
1962,9,2.03
1962,10,2.04
1962,11,2.06
1962,12,2.08
1963,1,3.12
1963,2,3.15
1963,3,3.18
1963,4,3.18
1963,5,3.15
1963,6,3.13
1963,7,3.08
1963,8,3.11
1963,9,3.06
1963,10,3.05
1963,11,3.2
1963,12,3.04
1964,1,4.16
1964,2,4.16
1964,3,4.17
1964,4,4.05
1964,5,4.11
1964,6,4.05
1964,7,4.2
1964,8,4.14
1964,9,4.12
1964,10,4.19
1964,11,4.13
1964,12,4.02
1965,1,5.02
1965,2,5.19
1965,3,5.17
1965,4,5.17
1965,5,5.04
1965,6,5.12
1965,7,5.02
1965,8,5.08
1965,9,5.2
1965,10,5.12
1965,11,5.07
1965,12,5.13
1966,1,6.09
1966,2,6.2
1966,3,6.1
1966,4,6.01
1966,5,6.08
1966,6,6.13
1966,7,6.17
1966,8,6.11
1966,9,6.02
1966,10,6.1
1966,11,6.16
1966,12,6.02
1967,1,7.05
1967,2,7.13
1967,3,7.0
1967,4,7.02
1967,5,7.11
1967,6,7.14
1967,7,7.07
1967,8,7.06
1967,9,7.01
1967,10,7.2
1967,11,7.15
1967,12,7.04
1968,1,8.15
1968,2,8.08
1968,3,8.1
1968,4,8.15
1968,5,8.06
1968,6,8.18
1968,7,8.18
1968,8,8.02
1968,9,8.2
1968,10,8.19
1968,11,8.05
1968,12,8.11
1969,1,9.14
1969,2,9.2
1969,3,9.15
1969,4,9.02
1969,5,9.08
1969,6,9.2
1969,7,9.16
1969,8,9.09
1969,9,9.17
1969,10,9.05
1969,11,9.06
1969,12,9.11
1970,1,0.04
1970,2,0.1
1970,3,0.15
1970,4,0.18
1970,5,0.18
1970,6,0.04
1970,7,0.1
1970,8,0.04
1970,9,0.13
1970,10,0.18
1970,11,0.01
1970,12,0.08
1971,1,1.13
1971,2,1.03
1971,3,1.04
1971,4,1.08
1971,5,1.1
1971,6,1.18
1971,7,1.02
1971,8,1.03
1971,9,1.19
1971,10,1.06
1971,11,1.06
1971,12,1.05
1972,1,2.12
1972,2,2.03
1972,3,2.18
1972,4,2.13
1972,5,2.14
1972,6,2.11
1972,7,2.14
1972,8,2.07
1972,9,2.16
1972,10,2.18
1972,11,2.13
1972,12,2.14
1973,1,3.16
1973,2,3.03
1973,3,3.05
1973,4,3.05
1973,5,3.01
1973,6,3.17
1973,7,3.11
1973,8,3.04
1973,9,3.1
1973,10,3.12
1973,11,3.16
1973,12,3.18
1974,1,4.04
1974,2,4.08
1974,3,4.01
1974,4,4.19
1974,5,4.05
1974,6,4.02
1974,7,4.11
1974,8,4.05
1974,9,4.1
1974,10,4.14
1974,11,4.09
1974,12,4.18
1975,1,5.01
1975,2,5.19
1975,3,5.02
1975,4,5.15
1975,5,5.04
1975,6,5.08
1975,7,5.18
1975,8,5.19
1975,9,5.09
1975,10,5.08
1975,11,5.14
1975,12,5.08
1976,1,6.13
1976,2,6.2
1976,3,6.07
1976,4,6.07
1976,5,6.08
1976,6,6.16
1976,7,6.09
1976,8,6.07
1976,9,6.06
1976,10,6.05
1976,11,6.12
1976,12,6.08
1977,1,7.0
1977,2,7.16
1977,3,7.14
1977,4,7.15
1977,5,7.1
1977,6,7.11
1977,7,7.04
1977,8,7.1
1977,9,7.16
1977,10,7.09
1977,11,7.14
1977,12,7.14
1978,1,8.03
1978,2,8.18
1978,3,8.06
1978,4,8.03
1978,5,8.18
1978,6,8.01
1978,7,8.18
1978,8,8.06
1978,9,8.06
1978,10,8.11
1978,11,8.13
1978,12,8.09
1979,1,9.1
1979,2,9.09
1979,3,9.03
1979,4,9.09
1979,5,9.05
1979,6,9.1
1979,7,9.2
1979,8,9.13
1979,9,9.17
1979,10,9.1
1979,11,9.1
1979,12,9.02
1980,1,0.09
1980,2,0.13
1980,3,0.06
1980,4,0.05
1980,5,0.1
1980,6,0.19
1980,7,0.17
1980,8,0.1
1980,9,0.14
1980,10,0.2
1980,11,0.0
1980,12,0.01
1981,1,1.18
1981,2,1.08
1981,3,1.06
1981,4,1.2
1981,5,1.16
1981,6,1.13
1981,7,1.17
1981,8,1.07
1981,9,1.11
1981,10,1.07
1981,11,1.06
1981,12,1.08
1982,1,2.12
1982,2,2.15
1982,3,2.18
1982,4,2.03
1982,5,2.06
1982,6,2.06
1982,7,2.02
1982,8,2.11
1982,9,2.08
1982,10,2.19
1982,11,2.04
1982,12,2.15
1983,1,3.12
1983,2,3.18
1983,3,3.07
1983,4,3.11
1983,5,3.03
1983,6,3.04
1983,7,3.05
1983,8,3.18
1983,9,3.14
1983,10,3.01
1983,11,3.07
1983,12,3.05
1984,1,4.05
1984,2,4.05
1984,3,4.17
1984,4,4.13
1984,5,4.19
1984,6,4.09
1984,7,4.06
1984,8,4.09
1984,9,4.06
1984,10,4.02
1984,11,4.14
1984,12,4.07
1985,1,5.11
1985,2,5.04
1985,3,5.03
1985,4,5.15
1985,5,5.06
1985,6,5.05
1985,7,5.16
1985,8,5.1
1985,9,5.08
1985,10,5.09
1985,11,5.03
1985,12,5.15
1986,1,6.17
1986,2,6.13
1986,3,6.04
1986,4,6.03
1986,5,6.18
1986,6,6.18
1986,7,6.18
1986,8,6.16
1986,9,6.11
1986,10,6.12
1986,11,6.19
1986,12,6.05
1987,1,7.04
1987,2,7.14
1987,3,7.1
1987,4,7.1
1987,5,7.09
1987,6,7.2
1987,7,7.02
1987,8,7.05
1987,9,7.13
1987,10,7.07
1987,11,7.17
1987,12,7.1
1988,1,8.17
1988,2,8.15
1988,3,8.05
1988,4,8.03
1988,5,8.01
1988,6,8.09
1988,7,8.11
1988,8,8.09
1988,9,8.1
1988,10,8.0
1988,11,8.2
1988,12,8.11
1989,1,9.01
1989,2,9.05
1989,3,9.02
1989,4,9.15
1989,5,9.02
1989,6,9.07
1989,7,9.16
1989,8,9.09
1989,9,9.15
1989,10,9.19
1989,11,9.03
1989,12,9.13
1990,1,0.17
1990,2,0.18
1990,3,0.08
1990,4,0.1
1990,5,0.19
1990,6,0.19
1990,7,0.14
1990,8,0.0
1990,9,0.2
1990,10,0.08
1990,11,0.07
1990,12,0.11
1991,1,1.13
1991,2,1.11
1991,3,1.05
1991,4,1.09
1991,5,1.17
1991,6,1.05
1991,7,1.12
1991,8,1.11
1991,9,1.19
1991,10,1.05
1991,11,1.01
1991,12,1.09
1992,1,2.06
1992,2,2.18
1992,3,2.06
1992,4,2.19
1992,5,2.17
1992,6,2.19
1992,7,2.19
1992,8,2.09
1992,9,2.13
1992,10,2.16
1992,11,2.18
1992,12,2.12
1993,1,3.12
1993,2,3.07
1993,3,3.11
1993,4,3.12
1993,5,3.15
1993,6,3.07
1993,7,3.07
1993,8,3.12
1993,9,3.05
1993,10,3.03
1993,11,3.14
1993,12,3.03
1994,1,4.11
1994,2,4.01
1994,3,4.03
1994,4,4.02
1994,5,4.14
1994,6,4.11
1994,7,4.17
1994,8,4.05
1994,9,4.14
1994,10,4.18
1994,11,4.08
1994,12,4.11
1995,1,5.15
1995,2,5.02
1995,3,5.05
1995,4,5.17
1995,5,5.03
1995,6,5.17
1995,7,5.04
1995,8,5.12
1995,9,5.09
1995,10,5.02
1995,11,5.02
1995,12,5.04
1996,1,6.05
1996,2,6.08
1996,3,6.11
1996,4,6.01
1996,5,6.15
1996,6,6.12
1996,7,6.2
1996,8,6.06
1996,9,6.16
1996,10,6.02
1996,11,6.1
1996,12,6.09
1997,1,7.12
1997,2,7.17
1997,3,7.04
1997,4,7.04
1997,5,7.05
1997,6,7.11
1997,7,7.02
1997,8,7.13
1997,9,7.05
1997,10,7.16
1997,11,7.11
1997,12,7.19
1998,1,8.02
1998,2,8.17
1998,3,8.13
1998,4,8.12
1998,5,8.15
1998,6,8.04
1998,7,8.07
1998,8,8.02
1998,9,8.03
1998,10,8.17
1998,11,8.2
1998,12,8.02
1999,1,9.07
1999,2,9.12
1999,3,9.17
1999,4,9.17
1999,5,9.06
1999,6,9.05
1999,7,9.06
1999,8,9.03
1999,9,9.04
1999,10,9.16
1999,11,9.12
1999,12,9.02
2000,1,0.15
2000,2,0.15
2000,3,0.13
2000,4,0.05
2000,5,0.03
2000,6,0.14
2000,7,0.11
2000,8,0.17
2000,9,0.01
2000,10,0.03
2000,11,0.12
2000,12,0.12
2001,1,1.14
2001,2,1.06
2001,3,1.02
2001,4,1.12
2001,5,1.12
2001,6,1.05
2001,7,1.01
2001,8,1.15
2001,9,1.01
2001,10,1.0
2001,11,1.01
2001,12,1.02
2002,1,2.09
2002,2,2.02
2002,3,2.19
2002,4,2.05
2002,5,2.13
2002,6,2.11
2002,7,2.03
2002,8,2.2
2002,9,2.03
2002,10,2.13
2002,11,2.18
2002,12,2.06
2003,1,3.03
2003,2,3.11
2003,3,3.11
2003,4,3.07
2003,5,3.04
2003,6,3.14
2003,7,3.13
2003,8,3.14
2003,9,3.07
2003,10,3.07
2003,11,3.02
2003,12,3.05
2004,1,4.01
2004,2,4.09
2004,3,4.09
2004,4,4.01
2004,5,4.18
2004,6,4.18
2004,7,4.1
2004,8,4.19
2004,9,4.12
2004,10,4.01
2004,11,4.13
2004,12,4.13
2005,1,5.17
2005,2,5.14
2005,3,5.12
2005,4,5.07
2005,5,5.19
2005,6,5.05
2005,7,5.19
2005,8,5.14
2005,9,5.03
2005,10,5.01
2005,11,5.05
2005,12,5.08
2006,1,6.03
2006,2,6.04
2006,3,6.19
2006,4,6.09
2006,5,6.02
2006,6,6.07
2006,7,6.13
2006,8,6.04
2006,9,6.15
2006,10,6.08
2006,11,6.09
2006,12,6.01
2007,1,7.03
2007,2,7.09
2007,3,7.06
2007,4,7.16
2007,5,7.17
2007,6,7.05
2007,7,7.05
2007,8,7.04
2007,9,7.07
2007,10,7.06
2007,11,7.06
2007,12,7.02
2008,1,8.11
2008,2,8.1
2008,3,8.06
2008,4,8.03
2008,5,8.13
2008,6,8.11
2008,7,8.02
2008,8,8.01
2008,9,8.16
2008,10,8.04
2008,11,8.04
2008,12,8.18
2009,1,9.13
2009,2,9.14
2009,3,9.14
2009,4,9.03
2009,5,9.19
2009,6,9.07
2009,7,9.11
2009,8,9.05
2009,9,9.13
2009,10,9.16
2009,11,9.12
2009,12,9.15
2010,1,0.18
2010,2,0.13
2010,3,0.14
2010,4,0.11
2010,5,0.08
2010,6,0.04
2010,7,0.19
2010,8,0.01
2010,9,0.14
2010,10,0.11
2010,11,0.13
2010,12,0.17
2011,1,1.18
2011,2,1.1
2011,3,1.02
2011,4,1.09
2011,5,1.16
2011,6,1.1
2011,7,1.02
2011,8,1.18
2011,9,1.15
2011,10,1.08
2011,11,1.18
2011,12,1.07
2012,1,2.15
2012,2,2.1
2012,3,2.19
2012,4,2.04
2012,5,2.04
2012,6,2.15
2012,7,2.11
2012,8,2.02
2012,9,2.17
2012,10,2.07
2012,11,2.12
2012,12,2.04
2013,1,3.17
2013,2,3.14
2013,3,3.06
2013,4,3.17
2013,5,3.12
2013,6,3.06
2013,7,3.02
2013,8,3.12
2013,9,3.13
2013,10,3.18
2013,11,3.12
2013,12,3.2
2014,1,4.02
2014,2,4.07
2014,3,4.09
2014,4,4.13
2014,5,4.16
2014,6,4.1
2014,7,4.01
2014,8,4.08
2014,9,4.17
2014,10,4.04
2014,11,4.15
2014,12,4.14
2015,1,5.19
2015,2,5.16
2015,3,5.15
2015,4,5.09
2015,5,5.02
2015,6,5.2
2015,7,5.11
2015,8,5.03
2015,9,5.11
2015,10,5.16
2015,11,5.07
2015,12,5.11
